1.0 -0.3111872913635921 0.18888093107267998 0.5395954609278987 0.02675135484238073 -0.5924690516505247 -0.06212901295145131 -0.19206608208770093 
-0.3111872913635921 1.0 0.20502514288449164 0.22653323290889946 0.41483550652910844 0.28220348838267434 0.2915271505753827 0.40878761225945304 
0.18888093107267998 0.20502514288449164 1.0 -0.14679747104822682 0.7879600443535626 0.2727105118922599 -0.6084599950657016 0.880228639445601 
0.5395954609278987 0.22653323290889946 -0.14679747104822682 1.0 0.21370691586815335 0.0014877170535466597 0.606865984410564 -0.22076449149682695 
0.02675135484238073 0.41483550652910844 0.7879600443535626 0.21370691586815335 1.0 0.658027173714172 -0.2811733178595378 0.8762364775845148 
-0.5924690516505247 0.28220348838267434 0.2727105118922599 0.0014877170535466597 0.658027173714172 1.0 0.047885300489080775 0.593152378069519 
-0.06212901295145131 0.2915271505753827 -0.6084599950657016 0.606865984410564 -0.2811733178595378 0.047885300489080775 1.0 -0.446982409442484 
-0.19206608208770093 0.40878761225945304 0.880228639445601 -0.22076449149682695 0.8762364775845148 0.593152378069519 -0.446982409442484 1.0 
