1.0 -0.3250029917945835 0.18814425997629136 0.46060526762809 0.00512111817298847 -0.4887229642049529 -0.05790536742916771 -0.12710533688852702 
-0.3250029917945835 1.0 0.20484152654833515 0.1948219050550659 0.32454984893978395 0.21834256258510287 0.22942701372832805 0.3391392886204044 
0.18814425997629136 0.20484152654833515 1.0 -0.10596751792243746 0.6124326539394441 0.22109852023486867 -0.49358006312793756 0.7202132326274232 
0.46060526762809 0.1948219050550659 -0.10596751792243746 1.0 0.24319333281783698 0.010073707194754084 0.5159525721067164 -0.2567324055972704 
0.00512111817298847 0.32454984893978395 0.6124326539394441 0.24319333281783698 1.0 0.5319788405341761 -0.26337702263860246 0.7948743038334822 
-0.4887229642049529 0.21834256258510287 0.22109852023486867 0.010073707194754084 0.5319788405341761 1.0 0.03932451736851099 0.4769262311870878 
-0.05790536742916771 0.22942701372832805 -0.49358006312793756 0.5159525721067164 -0.26337702263860246 0.03932451736851099 1.0 -0.3185151588457599 
-0.12710533688852702 0.3391392886204044 0.7202132326274232 -0.2567324055972704 0.7948743038334822 0.4769262311870878 -0.3185151588457599 1.0 
