1.0 -0.32499086422511064 0.18813706419032963 0.5739128316455077 0.006738901197749145 -0.6096507044247871 -0.07218069830824884 -0.1598053100245198 
-0.32499086422511064 1.0 0.20483815677603381 0.24258082716446366 0.40603025892212846 0.2737263482817928 0.28701024943514414 0.4235977581494052 
0.18813706419032963 0.20483815677603381 1.0 -0.13218803180471228 0.766133653156408 0.27591992209907573 -0.617050948080334 0.9003875097308778 
0.5739128316455077 0.24258082716446366 -0.13218803180471228 1.0 0.20846854455003783 -0.0890209789283727 0.5954127463233153 -0.18053621187034669 
0.006738901197749145 0.40603025892212846 0.766133653156408 0.20846854455003783 1.0 0.6556061052115361 -0.2779768051435209 0.875650876566524 
-0.6096507044247871 0.2737263482817928 0.27591992209907573 -0.0890209789283727 0.6556061052115361 1.0 0.0490251039924178 0.5746086153246388 
-0.07218069830824884 0.28701024943514414 -0.617050948080334 0.5954127463233153 -0.2779768051435209 0.0490251039924178 1.0 -0.4550021030394424 
-0.1598053100245198 0.4235977581494052 0.9003875097308778 -0.18053621187034669 0.875650876566524 0.5746086153246388 -0.4550021030394424 1.0 
