1.0 -0.3250537665863338 0.1881418341902057 0.5371131830574982 0.025534475569836054 -0.5892805212332436 -0.06253446585578672 -0.19285191653693995 
-0.3250537665863338 1.0 0.20484097619200775 0.22489933238446663 0.41435692055270595 0.28406991877718313 0.29140523861712275 0.40808279276304027 
0.1881418341902057 0.20484097619200775 1.0 -0.1461829470349747 0.7883463589306307 0.27182086998472504 -0.6083694620689558 0.8804148513960975 
0.5371131830574982 0.22489933238446663 -0.1461829470349747 1.0 0.21383581644037378 -1.8236085752931886E-4 0.606979993040552 -0.21987411467118548 
0.025534475569836054 0.41435692055270595 0.7883463589306307 0.21383581644037378 1.0 0.6566193796715437 -0.2807146680766071 0.8756492796358128 
-0.5892805212332436 0.28406991877718313 0.27182086998472504 -1.8236085752931886E-4 0.6566193796715437 1.0 0.04737540578644875 0.5929601745319638 
-0.06253446585578672 0.29140523861712275 -0.6083694620689558 0.606979993040552 -0.2807146680766071 0.04737540578644875 1.0 -0.44707995176268783 
-0.19285191653693995 0.40808279276304027 0.8804148513960975 -0.21987411467118548 0.8756492796358128 0.5929601745319638 -0.44707995176268783 1.0 
